x + y + z = 10              1   1   1   |   10
  3x + 2z = 19              3   0   2   |   19
  3x + 2y + 4z = 27         3   2   4   |   27

  1. swap rows
  2. Multiply a row  with any number/fraction (except 0)
  3. Add or subtract row or Multiply

1. swap rows
  1   1   1   |   10      3   2   4   |   27
  3   0   2   |   19      3   0   2   |   19
  3   2   4   |   27      1   1   1   |   10

  1   1   1   |   10      1   1   1   |   10
  3   0   2   |   19 x2   3   0   4   |   38
  3   2   4   |   27      3   2   4   |   27

R2-R1
 1   1   1   |   10       1   1   1   |   10
 1   3   2   |   19       0   2   1   |   9
 3   2   4   |   27       3   2   4   |   27

x + y + z = 10            1   1   1   |   10
x + 3y + 2z = 19          1   3   2   |   19
3x + 2y + 4z = 27         3   2   4   |   27

R2 - R1
  1   1   1   |   10
  0   2   1   |   9
  3   2   4   |   27

  R3 - 3R1

  1   1   1   |   10
  0   2   1   |   9
  0   -1  1   |   -3

  R2 + 2R3

  1   1   1   |   10
  0   0   3   |   3
  0   -1  1   |   -3

  SWAP R2 and R3

  1   1   1   |   10
  0   -1  1   |   -3
  0   0   3   |   3
